[bodyBackground.jpg]
filters=finetune2=1,0.000000,0.000000,0.067368,00000000,0.000000;
moddate=00dfb7a82780d501
width=5472
height=3648
textactive=0
